Gaia Mission/LensOutlier_000000-003111.csv
# %ECSV 1.0
# ---
# delimiter: ','
# meta: !!omap
# - RELEASE: Gaia FPR
# - TABLE: lens_outlier
# - DESCRIPTION: >
#     This table contains the individual observations that have been discarded from the analysis of the gravitational lenses around the list of sourceIds tabulated in the lens candidate table. These are observations that could not be associated with any of the components assigned to the source of interest.
# - CITATION: >
#     How to cite and acknowledge Gaia: 
#     https://gea.esac.esa.int/archive/documentation/credits.html 
# - KNOWN_ISSUES: >
#     Known issues: 
#     https://www.cosmos.esa.int/web/gaia-users/known-issues 
# - DOCUMENTATION: >
#     Tutorials and documentation: 
#     https://www.cosmos.esa.int/web/gaia-users/archive 
# datatype:
# - 
#   name: solution_id
#   datatype: int64
#   description: Solution Identifier
#   meta:
#     ucd: meta.version
# - 
#   name: source_id
#   datatype: int64
#   description: Unique source identifier
#   meta:
#     ucd: meta.id;meta.main
# - 
#   name: outlier_id
#   datatype: int32
#   description: Counter for the outliers of each component
#   meta:
#     ucd: meta.number
# - 
#   name: ra_obs
#   datatype: float64
#   unit: deg
#   description: Right ascension of each individual outlier observation
#   meta:
#     ucd: pos.eq.ra
# - 
#   name: dec_obs
#   datatype: float64
#   unit: deg
#   description: Declination of each individual outlier observation
#   meta:
#     ucd: pos.eq.dec
# - 
#   name: g_flux_obs
#   datatype: float64
#   unit: "'electron'.s**-1"
#   description: Flux value of each individual outlier observation
#   meta:
#     ucd: phot.flux;em.opt
# - 
#   name: g_flux_obs_error
#   datatype: float32
#   unit: "'electron'.s**-1"
#   description: Flux error value of each individual outlier observation
#   meta:
#     ucd: stat.error;phot.flux
# - 
#   name: g_mag_obs
#   datatype: float32
#   unit: mag
#   description: Onboard G magnitudes of each individual outlier observation
#   meta:
#     ucd: phot.mag;em.opt
# - 
#   name: epoch_obs
#   datatype: float64
#   unit: d
#   description: Epoch of the individual outlier observation
#   meta:
#     ucd: stat.error;phot.mag
solution_id,source_id,outlier_id,ra_obs,dec_obs,g_flux_obs,g_flux_obs_error,g_mag_obs,epoch_obs
[from data line 2332]
4311356335145164801,5345859894099456,1,44.31584863346283,5.248728772672329,133.8044002533175,5.8486724,20.34375,2013.3199354281262
4311356335145164801,4128734881906944,1,49.073181584711996,5.966300775954447,139.9961200956822,13.681105,20.25,2220.8275712244777
4311356335145164801,23978768054010368,1,34.654457471763045,9.50132481346276,599.3814608537997,5.356935,19.75,2037.3872572778737
4311356335145164801,7939161147436672,1,43.754207439625574,6.56783952570371,432.25083432432746,5.251879,19.359375,1872.0197951334292
4311356335145164801,14220396198902784,1,49.79147900856196,9.146068855393024,296.4636759428303,5.588736,19.5625,2014.640836177043
4311356335145164801,26497439956143360,1,39.76356355198113,12.480499878751356,115.67703425128362,3.7958214,20.34375,2036.1379168237788
4311356335145164801,12102839883469440,1,55.49661501010523,10.15308796939295,147.73405314040085,6.296108,20.390625,1827.1121229780451
4311356335145164801,12102839883469440,2,55.4966859579596,10.153166873021199,159.1939242495313,5.06864,20.078125,2034.5714785635573
4311356335145164801,1047456624648320,1,46.83807661842578,3.0617422890677117,224.12476011424567,5.5250607,19.984375,1822.0351257613918
4311356335145164801,25956377155893248,1,38.105080025430205,11.487735207687884,150.68873125941823,5.24073,20.15625,1844.1145182219955
4311356335145164801,25956377155893248,2,38.10518004719771,11.487744478553417,137.50515864800727,3.1484969,20.25,2036.563778717597
4311356335145164801,24428468309623296,1,37.08640012112092,10.749560265356088,52.24509470474035,3.852546,20.625,2247.145230224785
4311356335145164801,26111206432047104,1,38.23393088994764,11.809792942874694,162.97527677513256,5.119924,20.109375,2223.6524189436373
4311356335145164801,26111206432047104,2,38.233913364157786,11.809774178405293,215.02673054766407,17.848892,19.890625,1844.1147799866078
4311356335145164801,4923647429397632,1,41.497171624608896,4.054925633002584,122.64202452563256,6.188274,20.828125,1842.5359820268586
4311356335145164801,22548475225168768,1,36.67186717700714,7.67988012537179,165.81744118265405,15.759975,20.328125,2246.3196115509213
4311356335145164801,25719844716720768,1,40.06698800232624,12.044748666022379,120.00431705724175,3.2891018,20.453125,2416.6794487426628
4311356335145164801,25719844716720768,2,40.06699732748813,12.044678722507806,113.34575014515494,6.494041,20.203125,2387.113674391085
4311356335145164801,25719844716720768,3,40.066942573173904,12.044652674447487,108.61116014167193,3.1859102,20.40625,1872.774157725747
4311356335145164801,19892299945748608,1,40.6840318681225,8.441181652529279,83.57323839823245,3.9834447,20.53125,2247.068547427277
4311356335145164801,24550514100342528,1,36.2506399727843,10.86413543240688,161.08256968051614,3.946714,20.25,2036.8872423042244
4311356335145164801,24069649561839104,1,35.224069034027785,9.759503503826846,610.6476630369239,18.003632,20.546875,2196.6642428184923
4311356335145164801,19211324291183488,1,37.651865482578344,6.34594882521176,102.88674981316328,3.5342245,20.703125,1821.290669633019
4311356335145164801,2220669891182080,1,45.09890206066896,4.378017359038874,92.38753733407235,3.2659488,20.734375,2221.3991798794923
4311356335145164801,25266021292665984,1,39.03109696606509,11.256706356194094,133.83222965743266,4.9901147,20.40625,1843.8645755032612
4311356335145164801,6035837800535040,1,39.89775539216309,5.02106218619194,120.39935140789095,3.710035,20.546875,2387.692874693597
4311356335145164801,6035837800535040,2,39.89805712726149,5.021241888034687,135.62651474166225,7.832387,18.4375,2620.7431478014623
4311356335145164801,6035837800535040,3,39.89767810738018,5.02101912497605,106.7241929231151,3.144328,20.453125,2196.159801694711
4311356335145164801,24652768681750272,1,36.29072895070899,11.1367123091501,142.08801723350214,4.346499,20.1875,2417.354432862392
4311356335145164801,10431204251991168,1,48.66324639207228,6.94525200657075,123.66761857313446,3.3836691,20.5,2036.3205930221866
4311356335145164801,24948541604846976,1,40.54716193264636,10.633333981450164,112.48999330620005,3.239813,20.4375,2247.5698582181913
4311356335145164801,8860448812481536,1,44.435158059230275,8.823680054449586,40.32677034751463,5.406139,20.640625,1842.2901035647578
4311356335145164801,1743584923524352,1,45.156898882763734,2.949136717115736,195.21340774256794,4.186722,19.765625,2600.7431699712465
4311356335145164801,8462567337469056,1,44.90221937897065,7.404151590984802,29.58870506286621,17.918154,20.453125,1823.1126176632574
4311356335145164801,8462567337469056,2,44.90224410832159,7.404155230414787,,,19.859375,1872.3436985091782
4311356335145164801,718152891692544,1,47.18298931195706,2.0888629639472045,244.25481179497518,4.5226483,19.84375,2417.9376725167986
4311356335145164801,718152891692544,2,47.18298022246913,2.088869548637145,282.0063868952328,4.3630652,19.578125,2037.5724992290777
4311356335145164801,11974918577135488,1,55.7926054798888,9.279191498692489,147.66998197128976,4.8273435,20.171875,1838.7919553121083
4311356335145164801,11974918577135488,2,55.79271182446972,9.27911905761478,138.95123592969338,7.055507,20.375,1710.8623616519137
4311356335145164801,11974918577135488,3,55.79261952696428,9.279136580556024,175.35334398752084,3.449775,20.015625,2249.563339442864
4311356335145164801,11974918577135488,4,55.792714274912,9.279169259694847,168.28529026631116,3.4696372,20.109375,1737.740375072567
4311356335145164801,22794765829528832,1,37.37932819233221,8.889247790285923,184.13434795534064,3.706304,20.0,2386.690395886441
4311356335145164801,12317283305857024,1,54.62954908613199,10.018348168333334,100.67541526692276,5.264817,20.5625,1735.9884975973
4311356335145164801,12317283305857024,2,54.629520387431896,10.018305206550782,114.23501483847785,5.3548703,20.21875,2443.8557208444154
4311356335145164801,12317283305857024,3,54.62954549794072,10.018316293854642,113.02567853761488,4.4322653,20.5625,2390.9370231834646
4311356335145164801,12317283305857024,4,54.629530378141105,10.018381406561838,97.65560449909769,3.0986211,20.4375,2034.8212961838237
4311356335145164801,10508960340208000,1,47.875410391058054,7.2229512474888,80.46791290127746,3.306551,20.84375,2036.3941047499775
4311356335145164801,10508960340208000,2,47.87535260041295,7.222932312732884,79.67692502394917,5.262806,20.703125,2600.7470478046616
4311356335145164801,10508960340208000,3,47.875353625937976,7.222922284473121,68.88089146602753,3.4425256,20.671875,2221.1520278987923
4311356335145164801,10508960340208000,4,47.87541334475684,7.2228912518683694,77.82476699727597,2.7249324,20.515625,2066.8838916567374
4311356335145164801,5509137371184896,1,43.55813000615688,5.062863255766879,208.125732421875,19.7633,20.046875,1842.1111183654523
4311356335145164801,5509137371184896,2,43.55814941123325,5.062910612712637,12.596876869379498,2.8875015,20.0,1842.1111184043223
4311356335145164801,5509137371184896,3,43.55818047081635,5.062986411569459,60.149574279785156,23.858696,20.0625,1842.1111184665167
4311356335145164801,5509137371184896,4,43.55824258118253,5.06313798790951,18.69019542438779,3.0401788,19.9375,1842.111118590904
4311356335145164801,5509137371184896,5,43.55824775698754,5.063150619125119,159.92492227316643,15.349807,19.921875,1842.1111186012697
4311356335145164801,5509137371184896,6,43.558285285098485,5.06324220395897,40.70658874511719,23.087362,20.015625,1842.1111186764208
4311356335145164801,5509137371184896,7,43.55834739067085,5.06339376855509,11.575590210363707,3.0078597,20.046875,1842.111118800807
4311356335145164801,5509137371184896,8,43.55835227458173,5.0635355960568695,,,20.15625,1842.1111188984003
4311356335145164801,5509137371184896,9,43.55842890988478,5.063592710653574,12.292680252760858,3.044453,20.171875,1842.111118964065
4311356335145164801,5509137371184896,10,43.558491027965395,5.063744305364171,11.482449686996263,2.809409,20.125,1842.1111190884537
4311356335145164801,5509137371184896,11,43.55804331213328,5.062651684345782,12.672678337265074,3.0267959,20.078125,1842.1111181918286
4311356335145164801,5509137371184896,12,43.55753348274778,5.0614074743610935,,,20.046875,1842.1111171708144
4311356335145164801,5509137371184896,13,43.557571010977504,5.061499060029174,,,20.03125,1842.111117245966
4311356335145164801,5509137371184896,14,43.557595597328906,5.0615590617296276,,,20.046875,1842.1111172952026
4311356335145164801,5509137371184896,15,43.557615007041534,5.061606430116372,238.40753173828125,20.078403,20.046875,1842.1111173340737
4311356335145164801,5509137371184896,16,43.557633119306495,5.061650632206667,13.326101707134812,3.0407107,20.0,1842.111117370353
4311356335145164801,5509137371184896,17,43.55767711291265,5.061757996284866,,,20.046875,1842.1111174584603
4311356335145164801,5509137371184896,18,43.557708166560026,5.06183378106371,,,20.1875,1842.1111175206538
4311356335145164801,5509137371184896,19,43.55773275762475,5.061893794111693,13.280432208762793,2.9811227,20.09375,1842.1111175698916
4311356335145164801,5509137371184896,20,43.55775734299454,5.061953793353441,202.95237731933594,20.466911,20.109375,1842.1111176191282
4311356335145164801,5509137371184896,21,43.557776753600166,5.06200116383915,,,20.234375,1842.1111176579993
4311356335145164801,5509137371184896,22,43.55781944842657,5.062105358278167,11.635882950999543,3.391177,20.078125,1842.1111177435143
4311356335145164801,5509137371184896,23,43.55785697627209,5.062196942796868,41.45726776123047,23.90817,20.15625,1842.111117818666
4311356335145164801,5509137371184896,24,43.557881565722134,5.062256951859262,55.18924331665039,24.01563,20.046875,1842.111117867903
4311356335145164801,5509137371184896,25,43.557919088946164,5.062348525136611,13.26795626967432,2.8122287,20.0,1842.1111179430534
4311356335145164801,5509137371184896,26,43.557963082619594,5.062455889121227,,,19.96875,1842.1111180311611
4311356335145164801,5509137371184896,27,43.55799413418068,5.062531668665801,17.673538977849283,2.811285,19.9375,1842.111118093354
4311356335145164801,20129961960834560,1,39.28511146091173,8.489051797328491,37.96394278987278,8.060886,20.84375,1822.1151972682267
4311356335145164801,20129961960834560,2,39.283868368520366,8.489924274078088,23.818650573651972,11.072792,20.78125,1822.1151982484823
4311356335145164801,20129961960834560,3,39.28345211505043,8.490216423992957,47.18496838307972,8.067965,20.875,1822.1151985767115
4311356335145164801,20129961960834560,4,39.285058001665035,8.489089318313217,31.473812103271484,25.705793,20.828125,1822.1151973103629
4311356335145164801,10762260330928128,1,50.906160299506084,7.910165284986748,169.2827908995399,3.2816951,20.234375,1873.2675161806292
4311356335145164801,14434663527532928,1,48.32397836144389,9.473109087129753,182.85615371601781,5.33851,19.96875,2014.1405540090695
4311356335145164801,14434663527532928,2,48.32389422470599,9.473135986157383,198.7486055126007,6.3657117,19.921875,2600.9247946193173
4311356335145164801,20435213876346624,1,42.90405860072756,8.208263542158141,224.61899950716227,3.8961878,19.875,2417.1826595310476
4311356335145164801,20435213876346624,2,42.904041061096805,8.20815656277811,169.22984313964844,25.44178,20.078125,2621.994391889643
4311356335145164801,20435213876346624,3,42.904002244098805,8.208191308026409,229.1810009288697,3.9745672,19.953125,1872.2709958413436
4311356335145164801,22799713631749376,1,35.87928243057493,7.82701548913538,356.14408893053513,4.51839,19.265625,2418.1800388068964
4311356335145164801,7546983389312256,1,46.925834873478536,7.313730455904921,130.32160295321125,6.3976245,20.390625,1823.3617915536947
4311356335145164801,5422585189965824,1,42.58427097081618,4.667629374762056,113.10987066648266,3.9134443,20.625,2012.8204148265459
4311356335145164801,5422585189965824,2,42.58439304623256,4.667597251202043,111.65976074857579,5.297267,20.4375,2012.8944279483244
4311356335145164801,3074131432566912,1,50.203649887877305,5.134268923339813,98.55107676121955,3.9534378,20.546875,2014.8938065397888
4311356335145164801,2160952665776640,1,45.39782207131545,4.191196125232829,111.72797814579721,2.9997406,20.59375,2600.7440550191886
4311356335145164801,22223848712277376,1,42.630265061983536,11.096915370013349,291.1011818851092,4.5686073,19.46875,2602.248103776321
4311356335145164801,26727169166745856,1,39.8308357335176,13.525004195643417,230.01363911335037,5.1166515,19.859375,2386.8625766693694
4311356335145164801,23124520533806976,1,38.342840904477285,8.94070324844673,108.31170326826505,3.5467505,20.359375,2064.3847247016165
4311356335145164801,18816114287245952,1,41.126847573027696,7.254269399395234,110.70727556317372,5.3969193,20.203125,2440.610304090148
4311356335145164801,18816114287245952,2,41.12690167931444,7.254293852893553,122.86301761560986,4.947434,20.4375,2037.067177830669
4311356335145164801,15634814828823808,1,48.07260572662927,11.14688122490706,379.3034526821879,6.800362,19.34375,2623.6707398047324
4311356335145164801,8199165583144320,1,43.19099359568481,6.94694763151502,237.03772507104773,3.9529467,19.71875,2417.4334633619274
4311356335145164801,934344366039680,1,45.16332095932004,2.3542857127807637,51.484789374091065,7.8358846,20.6875,2246.6374945638768
4311356335145164801,2486614265786112,1,47.89288390029211,3.6077863819271485,169.84674538859304,18.273844,20.390625,2037.0719561730164
4311356335145164801,2486614265786112,2,47.89291330652142,3.607878094379645,124.64812293896557,16.914753,20.671875,2196.831521815269
4311356335145164801,2486614265786112,3,47.89292212441487,3.6078933455769455,78.08667313594954,3.935116,20.703125,2622.2401927789588
4311356335145164801,3220267694862592,1,48.36049091484357,5.004635942126568,599.8205168507743,21.390705,20.1875,2220.8266556504364
4311356335145164801,3220267694862592,2,48.36034088198261,5.00454570888622,1305.9873046875,34.87366,20.65625,2036.8215125702507
4311356335145164801,3220267694862592,3,48.36049434310133,5.004461396483087,559.2067191971938,18.994852,20.1875,1823.0358776014511
4311356335145164801,3220267694862592,4,48.360364588043964,5.0046507857764455,1644.5809326171875,35.526714,20.453125,2197.3321201803396
4311356335145164801,23500931468141056,1,37.18190497566848,10.117821584711544,70.88490200632128,6.64527,20.59375,2036.8879776080134
4311356335145164801,23500931468141056,2,37.18175880860439,10.118031060422837,594.5403839329875,20.248943,20.0625,1844.1132609868118
4311356335145164801,23500931468141056,3,37.181792886379874,10.118089586375017,51.0300487823792,3.2831542,20.671875,2223.650895428174
4311356335145164801,19525608522924160,1,36.90562974780311,7.3877573461373265,215.2301432604153,4.003652,19.859375,2037.6393359965696
4311356335145164801,6686783044838400,1,41.8412004603217,6.387606377446822,108.96567275012276,4.0732694,20.390625,2440.860829981781
4311356335145164801,6686783044838400,2,41.84126104094074,6.386920104449388,112.41092353823635,4.6346564,20.453125,2621.4935727499674
4311356335145164801,6686783044838400,3,41.84126217504133,6.386911942808217,114.4497445754851,4.183951,20.546875,2417.609174438315
4311356335145164801,14988336351795200,1,46.027873313185246,9.857011164533032,117.95981440544432,3.256255,20.15625,2066.1324506388996
4311356335145164801,14988336351795200,2,46.02785381591645,9.857075825120907,104.19477807628898,6.637783,20.5625,1823.8637264769475
4311356335145164801,9125946510926592,1,50.70534188823185,5.611408362999286,363.136684054908,5.623212,19.390625,2036.3221205562804
4311356335145164801,9125946510926592,2,50.7058360321979,5.612189070603153,15.181112924938613,4.083875,19.921875,2015.0695339634997
4311356335145164801,319133250223616,1,44.710280625812125,0.9946161018752587,87.1516399418112,3.343094,20.84375,1871.0165509781389
4311356335145164801,319133250223616,2,44.70874073554396,0.9944894552355854,175.13203364066754,4.104283,17.703125,2038.0719700660245
4311356335145164801,10291841153073792,1,49.750810313992076,6.772926766771686,151.49067384685853,3.5188549,20.3125,1840.6135116033493
4311356335145164801,5948190403142912,1,40.399564796432486,4.601793193707125,215.50194435929532,7.55655,20.046875,2012.3206673929978
