Gaia Mission/LensOutlier_000000-003111.csv
# %ECSV 1.0
# ---
# delimiter: ','
# meta: !!omap
# - RELEASE: Gaia FPR
# - TABLE: lens_outlier
# - DESCRIPTION: >
#     This table contains the individual observations that have been discarded from the analysis of the gravitational lenses around the list of sourceIds tabulated in the lens candidate table. These are observations that could not be associated with any of the components assigned to the source of interest.
# - CITATION: >
#     How to cite and acknowledge Gaia: 
#     https://gea.esac.esa.int/archive/documentation/credits.html 
# - KNOWN_ISSUES: >
#     Known issues: 
#     https://www.cosmos.esa.int/web/gaia-users/known-issues 
# - DOCUMENTATION: >
#     Tutorials and documentation: 
#     https://www.cosmos.esa.int/web/gaia-users/archive 
# datatype:
# - 
#   name: solution_id
#   datatype: int64
#   description: Solution Identifier
#   meta:
#     ucd: meta.version
# - 
#   name: source_id
#   datatype: int64
#   description: Unique source identifier
#   meta:
#     ucd: meta.id;meta.main
# - 
#   name: outlier_id
#   datatype: int32
#   description: Counter for the outliers of each component
#   meta:
#     ucd: meta.number
# - 
#   name: ra_obs
#   datatype: float64
#   unit: deg
#   description: Right ascension of each individual outlier observation
#   meta:
#     ucd: pos.eq.ra
# - 
#   name: dec_obs
#   datatype: float64
#   unit: deg
#   description: Declination of each individual outlier observation
#   meta:
#     ucd: pos.eq.dec
# - 
#   name: g_flux_obs
#   datatype: float64
#   unit: "'electron'.s**-1"
#   description: Flux value of each individual outlier observation
#   meta:
#     ucd: phot.flux;em.opt
# - 
#   name: g_flux_obs_error
#   datatype: float32
#   unit: "'electron'.s**-1"
#   description: Flux error value of each individual outlier observation
#   meta:
#     ucd: stat.error;phot.flux
# - 
#   name: g_mag_obs
#   datatype: float32
#   unit: mag
#   description: Onboard G magnitudes of each individual outlier observation
#   meta:
#     ucd: phot.mag;em.opt
# - 
#   name: epoch_obs
#   datatype: float64
#   unit: d
#   description: Epoch of the individual outlier observation
#   meta:
#     ucd: stat.error;phot.mag
solution_id,source_id,outlier_id,ra_obs,dec_obs,g_flux_obs,g_flux_obs_error,g_mag_obs,epoch_obs
[from data line 3557]
4311356335145164801,18984824895474176,114,40.03177387009183,7.47304027436457,203434.0641340308,77.54523,12.671875,1707.1170604536392
4311356335145164801,9017713334943488,1,50.7848874850831,5.028736378369419,148.71944700944718,6.5430984,19.96875,2220.3273833126004
4311356335145164801,765638050602880,1,47.44343288939563,2.439270530106544,614.4172404239107,5.1648545,18.71875,2571.6284231709465
4311356335145164801,10440004640138240,1,48.31003402202223,6.94439817574504,101.46707472996926,3.0808747,20.53125,2197.907221495349
4311356335145164801,10440004640138240,2,48.31003045797612,6.944392679863875,123.91398146508881,3.8075266,20.296875,2622.9921425284533
4311356335145164801,10440004640138240,3,48.310097530073854,6.944468821697942,101.69288635253906,23.328894,20.703125,2416.6854520934353
4311356335145164801,4853794081037056,1,41.883303054272034,3.7797981396975042,132.44016173948825,3.2361126,20.53125,2037.8193430284555
4311356335145164801,12537662372455424,1,53.03073103124012,9.310294558054022,117.74326675406121,4.240282,20.515625,2015.640815352204
4311356335145164801,21685770913919488,1,40.30514422838229,9.281290629111885,241.32779252048795,5.8846765,19.640625,2011.8910433140304
4311356335145164801,4799368255342592,1,41.53148850293814,3.261314667602735,110.03956623078771,4.2798834,20.328125,1871.0930130190582
4311356335145164801,4799368255342592,2,41.53157653853131,3.2613349132629668,121.04831950843567,3.1816669,20.421875,2388.193879244026
4311356335145164801,4799368255342592,3,41.531536104136755,3.2613962107152825,123.89423841651791,3.7942412,20.5,2418.434795226473
4311356335145164801,1271104161710336,1,44.20513919365957,1.8869110361036183,93.85649899907024,3.1059468,20.5,2418.362637197388
4311356335145164801,1271104161710336,2,44.205158301236075,1.8868482744005373,95.75789957002223,3.7621074,20.65625,2013.396371928688
4311356335145164801,12036628667317760,1,55.21379320139959,9.434528602329822,96.10323723304366,3.2568743,20.59375,2199.906194809199
4311356335145164801,14936143909434112,1,45.50500063284451,9.194266914014085,24.013503949514345,6.041026,20.84375,2221.828733911281
4311356335145164801,19020004972365696,1,40.73365229930269,7.469209777535674,137.11769017598158,3.8844664,20.6875,2387.616904577648
4311356335145164801,15939173391347968,1,51.719003001381395,10.565094270900172,27.521160224529766,6.8909855,20.703125,1873.7684384870238
4311356335145164801,2117281438053120,1,44.95252747055315,3.76866693498708,122.82297493756778,6.6097546,20.390625,2066.813304802825
4311356335145164801,2057358054569984,1,44.111746176229346,3.6631026872831542,251.05137355145308,4.419766,19.578125,1841.8602236801419
4311356335145164801,6931046423837824,1,45.68122942978054,5.933374092173489,134.16777406611607,5.221731,20.484375,2036.8198025976114
4311356335145164801,22672518176054272,1,37.40493665830472,8.064307317850433,103.23183435002976,2.8999717,20.46875,2439.183774367898
4311356335145164801,22672518176054272,2,37.4049247907967,8.064352547385791,95.65918760535803,3.0968323,20.453125,2417.9305249193917
4311356335145164801,22672518176054272,3,37.404938687972894,8.064291544325819,106.60903896525393,4.4413123,20.65625,2011.1421591294059
4311356335145164801,12280793264793088,1,55.11675326636631,9.969287411701515,17.00162861381338,4.602049,17.5,1734.5615131862273
4311356335145164801,12280793264793088,2,55.1177366264016,9.968403542762724,144.99718634199448,5.032306,20.21875,2219.8320507369444
4311356335145164801,15784180906791808,1,50.55636037118012,9.926680824177655,78.17057078033636,2.9805686,20.78125,1840.61592686846
4311356335145164801,15784180906791808,2,50.55645098563999,9.926681500530696,94.23592267016339,5.6564655,20.59375,2014.8903040493703
4311356335145164801,15784180906791808,3,50.556371742115154,9.926635266701442,87.77368950012966,4.1600614,20.578125,2573.7047490617597
4311356335145164801,8826746204213248,1,44.03777934817462,8.581940226403228,103.00711026861347,7.683063,20.453125,2013.0674578680548
4311356335145164801,8826746204213248,2,44.03779479710938,8.581878306016495,74.48504471956159,2.9284537,20.734375,1872.5207234002253
4311356335145164801,25861131964411648,1,40.80362570019499,12.693150914357926,160.88107378744573,4.9361305,20.171875,1843.6160518199697
4311356335145164801,15177211833414400,1,46.67535222184467,10.53410238756613,136.00488338000739,4.2810235,20.28125,2198.409813301002
4311356335145164801,15177211833414400,2,46.67532343483753,10.534112525817562,149.3427942872035,3.647708,20.28125,1824.2900763964244
4311356335145164801,4110356716951168,1,48.58523721422285,5.799165885926154,144.408608858754,4.193079,20.234375,2014.3933011202112
4311356335145164801,4110356716951168,2,48.585118067704414,5.799199932478383,146.2454319649438,3.8471143,20.0625,1840.8626153019004
4311356335145164801,20040459137678464,1,38.99000819968178,8.391484537367823,1397.99072265625,33.018787,20.9375,2417.6069943509856
4311356335145164801,20040459137678464,2,38.98983858883138,8.391643399746771,1703.215087890625,35.150322,20.640625,1822.0412974725166
4311356335145164801,17264054838564352,1,47.89281717407304,12.046304335718643,273.81896335394333,17.942327,20.40625,1825.0407927410797
4311356335145164801,17264054838564352,2,47.893025476292785,12.046110076386102,668.4684448242188,29.775734,20.25,1841.7931934347214
4311356335145164801,17264054838564352,3,47.892818592899786,12.046200482997866,,,19.984375,2066.306456578016
4311356335145164801,17264054838564352,4,47.89295343856295,12.046321427514696,628.6250610351562,27.894327,20.6875,2013.8886445295911
4311356335145164801,27310876697160320,1,44.253025294490165,10.41338837195671,200.22213906974125,4.728579,19.640625,2388.1880758389825
4311356335145164801,27310876697160320,2,44.25313114948228,10.413344056787931,267.3215834647972,18.788424,20.421875,2012.8159272121188
4311356335145164801,22021676011644672,1,42.49834841127807,10.337380747195912,103.21807196469963,3.82799,20.890625,2622.421929649061
4311356335145164801,22021676011644672,2,42.49836888224624,10.337488733780628,98.6182890465339,5.239313,20.46875,2222.5786440226034
4311356335145164801,22021676011644672,3,42.49847408546081,10.33743085562017,96.13605527029031,4.17961,20.65625,2440.607791568353
4311356335145164801,24542611360474240,1,35.98749715012402,10.745966711343808,153.78726640046924,4.888713,20.1875,2603.746156363456
4311356335145164801,24542611360474240,2,35.98750617722326,10.745955558752316,160.15691634863563,3.2685556,20.203125,2223.900970475342
4311356335145164801,1099000527533312,1,46.409310033348525,3.226004353043206,232.8927556710144,18.698217,20.671875,2246.887466161037
4311356335145164801,25244512096139264,1,39.886326912148554,11.520963421446636,167.3240892094521,4.989492,20.1875,2011.5653974365123
4311356335145164801,25244512096139264,2,39.8862374961086,11.520914647436749,123.30936367948841,4.125932,20.34375,2622.2474485759453
4311356335145164801,25244512096139264,3,39.88624639708891,11.52098317510198,121.90643270150903,4.7628965,20.25,2602.9237051751365
4311356335145164801,25244512096139264,4,39.886333633277076,11.520957919944475,145.6792377094163,3.5317924,20.25,2439.681070869656
4311356335145164801,4874513003084672,1,40.88553866131334,3.514204911426682,126.71160840122643,3.8269176,20.328125,2012.3953194901662
4311356335145164801,17563358224250752,1,50.520787025649504,12.824397630559217,120.26207023203708,5.5177007,20.53125,2199.585751558126
4311356335145164801,17563358224250752,2,50.52085115144507,12.824382790056823,118.7571617599169,5.222893,20.28125,2066.8052255472517
4311356335145164801,17563358224250752,3,50.52079552544873,12.824397881622257,105.62250759095774,3.362576,20.40625,1826.0407951685804
4311356335145164801,17563358224250752,4,50.52076186085985,12.824375360519776,107.91276868647537,4.0882587,20.515625,2199.6597526181067
4311356335145164801,24747330977362432,1,36.819993234054934,11.733810074407392,78.0348182432376,2.9067013,20.6875,1822.5440770834912
4311356335145164801,20033926492405376,1,39.137779305467326,8.374288950024154,163.3482109839337,7.0883923,20.078125,1843.5385626349507
4311356335145164801,710013929358336,1,46.99724681288949,1.968117497206602,427.04720330930627,6.3163753,18.953125,2389.694047107783
4311356335145164801,710013929358336,2,46.99729979234901,1.9680845309946415,229.64503758625386,16.080135,20.5625,1871.5901042350727
4311356335145164801,710013929358336,3,46.997198541748226,1.9680515371994292,,,20.390625,2014.32238712319
4311356335145164801,14465209335067904,1,48.43728377979984,9.689747813309646,110.09634106879308,3.536408,20.515625,2248.6403538167465
4311356335145164801,14465209335067904,2,48.43725916261046,9.689749082549447,115.8320070402492,11.203671,20.5625,1824.5390478623958
4311356335145164801,14465209335067904,3,48.43740516318959,9.689799678674197,129.20525592555612,7.511765,20.390625,2014.3165459211036
4311356335145164801,14465209335067904,4,48.43735051243475,9.689848095272596,102.8907982197845,3.1903684,20.421875,2416.184110767303
4311356335145164801,19664490585547520,1,37.55069430237094,7.9182965193599895,109.22509858829777,3.8722305,20.578125,2037.3893001678814
4311356335145164801,26147795257868032,1,38.53125351052826,12.17589073664365,165.87779322208908,3.673515,20.25,2036.3135699544273
4311356335145164801,26147795257868032,2,38.531198431246025,12.17586443808077,160.7473593979215,5.0380063,20.109375,2223.578776758504
4311356335145164801,837724781374976,1,47.124553137476,2.8171373738319194,87.38147721749695,7.755822,18.546875,2014.321748774628
4311356335145164801,3025821640417536,1,50.270552460251466,5.066123079864239,190.59961178279065,4.3228707,20.015625,2197.5813221689396
4311356335145164801,5707702298845184,1,40.409327279553466,4.089992108431124,108.98237026705361,6.929725,20.53125,2012.3210266525712
4311356335145164801,5707702298845184,2,40.409306032288214,4.08995991948634,110.97631717961973,3.707908,20.515625,2440.6126492365415
4311356335145164801,5707702298845184,3,40.40930497283238,4.089971868315286,109.68048710254602,5.393896,20.46875,2065.5640376743263
4311356335145164801,1336318944775936,1,44.610567507114325,2.618079232427391,105.45548505507873,7.37064,20.59375,2221.3238396427278
4311356335145164801,1336318944775936,2,44.610650015217246,2.618097921275707,95.89870911062857,2.855176,20.765625,2037.8211654635722
4311356335145164801,22305070838210432,1,41.81848432964462,11.003763149933782,30.56792698309489,4.8127546,19.53125,2622.496544767109
4311356335145164801,21148560699762304,1,43.36833314945159,9.415810999582979,300.4855651855469,25.693584,20.109375,2440.93231443956
4311356335145164801,15507099681430528,1,46.95350717527139,10.602118915208086,110.43012030410242,5.0519404,20.421875,2013.6396995491575
4311356335145164801,4800845724108160,1,41.63777716928325,3.33385004906088,163.0005777504374,4.023811,20.125,2441.1131007223235
4311356335145164801,8329247257434368,1,43.39044592680863,7.576738463674858,174.0852813720703,23.079967,20.109375,2388.366470685171
4311356335145164801,8329247257434368,2,43.39044886118707,7.576730013984971,167.6661253281053,5.7641764,20.15625,2012.892161151263
4311356335145164801,8329247257434368,3,43.39043985548813,7.57677899695494,155.8446989041528,3.3564873,20.21875,2036.818043459942
4311356335145164801,9446763388058624,1,50.79814128226718,6.393366968173724,123.550135445314,3.7698116,20.328125,2067.6336705110916
4311356335145164801,3091281236885120,1,50.01476600844111,5.242727905906213,105.73702459885203,4.138671,20.625,2443.3602942516018
4311356335145164801,25700671982742656,1,39.969712867385965,12.09717880242958,75.92645567738603,3.6156678,20.703125,2011.3887995557752
4311356335145164801,23828409838915968,1,36.17798437065125,9.560014430536018,167.58497131578972,6.913733,20.09375,1844.2886493586852
4311356335145164801,23828409838915968,2,36.17796915743883,9.560030054673904,142.93971779942893,5.2780333,20.1875,2386.4401867973247
4311356335145164801,4227072453229056,1,47.06080532824512,5.5037715169377694,123.15942688160328,4.9537325,20.328125,2221.150581162251
4311356335145164801,4227072453229056,2,47.06081716986552,5.503761964736949,105.12196626292547,5.8293614,20.484375,2442.610784256569
4311356335145164801,14161194369884544,1,49.05296052970817,9.078798572868964,28.926358895823146,3.1621807,20.640625,2248.5658065223556
4311356335145164801,3764384216458880,1,45.37282132843247,5.042486641535839,78.54153506580641,2.875801,20.875,2221.3997229015768
4311356335145164801,3764384216458880,2,45.37263228785785,5.042182597708431,23.710635981199427,5.928043,18.078125,2037.0701462921727
4311356335145164801,3764384216458880,3,45.3728230978225,5.042497603954754,82.1965553453136,2.8406267,20.78125,1841.61145530911
4311356335145164801,3920995903914240,1,46.613104618905766,5.707908899145417,166.03120772923825,5.722574,20.09375,2572.2043098684344
4311356335145164801,3920995903914240,2,46.61308111399273,5.7079713244006065,153.53513609897644,6.8593235,20.375,1841.5383295220847
4311356335145164801,3920995903914240,3,46.6119819403528,5.709092111134006,22.777373223469343,9.155405,20.90625,2197.1571487107162
4311356335145164801,3920995903914240,4,46.61248781330593,5.708784157836874,26.768200866516132,7.0016127,20.734375,2197.157148330916
4311356335145164801,3920995903914240,5,46.614171960770264,5.7077589168923994,26.345645677272334,6.1935573,20.4375,2197.157147066368
4311356335145164801,3920995903914240,6,46.61219156757929,5.708478312589936,18.130592346191406,27.227499,20.5,2197.0831471378547
4311356335145164801,3920995903914240,7,46.614242157342474,5.707716183952713,1196.476318359375,40.05877,20.5,2197.1571470136796
4311356335145164801,3920995903914240,8,46.61461935799287,5.707486558313806,22.417411280162373,6.3264356,20.90625,2197.1571467304743
4311356335145164801,3920995903914240,9,46.61406000991013,5.707407110460463,29.45268895977432,7.5020847,20.265625,2197.083145760791
4311356335145164801,3920995903914240,10,46.612146726040805,5.708562832139534,41.21454695523118,9.640511,20.359375,2197.0831471939787
4311356335145164801,3920995903914240,11,46.61287923835155,5.70812035830908,33.04316767872875,6.43854,20.484375,2197.083146645287
4311356335145164801,10219140241709440,1,49.02534789568027,6.608648424260624,77.56368012236705,2.9524693,20.671875,1823.7867948644941
4311356335145164801,10219140241709440,2,49.02535704136403,6.608672299924181,96.05831875186679,2.9655426,20.53125,2197.8327267176614
4311356335145164801,1938439000112768,1,45.74280906716439,3.7010860344609124,120.19566269470954,5.24074,20.515625,2600.743899777031
4311356335145164801,1938439000112768,2,45.742891137383154,3.7010224262507276,116.06675641031626,4.672024,20.5625,2442.4362790062323
4311356335145164801,10052663014713984,1,52.22979573083591,7.866321672519983,86.61138264948183,5.3351965,20.671875,1840.040729855976
4311356335145164801,18770965589044224,1,41.65643192352077,7.054467260833015,,,20.5625,2012.3185986505325
4311356335145164801,23443134092932352,1,37.05729117689754,9.532910290953652,377.96769794969174,6.173332,19.296875,2603.4216026223457
4311356335145164801,15679173251117952,1,47.92369337695798,11.365821393607511,137.58345784059514,5.593898,20.265625,2221.6549913978274
4311356335145164801,15679173251117952,2,47.92368884150278,11.365810028440071,110.16420352138219,3.0610356,20.25,1841.6166052618125
4311356335145164801,22090081955508352,1,42.28254239476143,10.650151178551935,130.89376228876557,6.0968466,20.34375,2440.607652659386
4311356335145164801,22090081955508352,2,42.28245552687163,10.6501322994482,115.99702558673717,4.7397118,20.59375,2622.4221761433446
4311356335145164801,22090081955508352,3,42.28254184809373,10.650150445624883,160.00513621926726,3.3556116,20.09375,2065.13268925678
4311356335145164801,25633876651137536,1,39.90727833834633,11.694928386664321,338.2761496648915,7.467041,19.484375,2064.558505575468
4311356335145164801,25633876651137536,2,39.907261281220066,11.694977319743138,311.5048265823698,4.126611,19.5,2036.3144388153992
