Gaia Mission/LensOutlier_000000-003111.csv
# %ECSV 1.0
# ---
# delimiter: ','
# meta: !!omap
# - RELEASE: Gaia FPR
# - TABLE: lens_outlier
# - DESCRIPTION: >
#     This table contains the individual observations that have been discarded from the analysis of the gravitational lenses around the list of sourceIds tabulated in the lens candidate table. These are observations that could not be associated with any of the components assigned to the source of interest.
# - CITATION: >
#     How to cite and acknowledge Gaia: 
#     https://gea.esac.esa.int/archive/documentation/credits.html 
# - KNOWN_ISSUES: >
#     Known issues: 
#     https://www.cosmos.esa.int/web/gaia-users/known-issues 
# - DOCUMENTATION: >
#     Tutorials and documentation: 
#     https://www.cosmos.esa.int/web/gaia-users/archive 
# datatype:
# - 
#   name: solution_id
#   datatype: int64
#   description: Solution Identifier
#   meta:
#     ucd: meta.version
# - 
#   name: source_id
#   datatype: int64
#   description: Unique source identifier
#   meta:
#     ucd: meta.id;meta.main
# - 
#   name: outlier_id
#   datatype: int32
#   description: Counter for the outliers of each component
#   meta:
#     ucd: meta.number
# - 
#   name: ra_obs
#   datatype: float64
#   unit: deg
#   description: Right ascension of each individual outlier observation
#   meta:
#     ucd: pos.eq.ra
# - 
#   name: dec_obs
#   datatype: float64
#   unit: deg
#   description: Declination of each individual outlier observation
#   meta:
#     ucd: pos.eq.dec
# - 
#   name: g_flux_obs
#   datatype: float64
#   unit: "'electron'.s**-1"
#   description: Flux value of each individual outlier observation
#   meta:
#     ucd: phot.flux;em.opt
# - 
#   name: g_flux_obs_error
#   datatype: float32
#   unit: "'electron'.s**-1"
#   description: Flux error value of each individual outlier observation
#   meta:
#     ucd: stat.error;phot.flux
# - 
#   name: g_mag_obs
#   datatype: float32
#   unit: mag
#   description: Onboard G magnitudes of each individual outlier observation
#   meta:
#     ucd: phot.mag;em.opt
# - 
#   name: epoch_obs
#   datatype: float64
#   unit: d
#   description: Epoch of the individual outlier observation
#   meta:
#     ucd: stat.error;phot.mag
solution_id,source_id,outlier_id,ra_obs,dec_obs,g_flux_obs,g_flux_obs_error,g_mag_obs,epoch_obs
[from data line 3922]
4311356335145164801,13033237174360448,3,53.206487149675056,10.243955698690984,111.16554000515809,7.814453,20.671875,2034.8945236751858
4311356335145164801,22652791390953856,1,36.690880873316196,8.229200170307708,154.83190692440007,4.12328,20.171875,2603.2444647664565
4311356335145164801,22652791390953856,2,36.69097834261924,8.22919056700623,163.8930493373108,5.844732,20.046875,2439.109840101662
4311356335145164801,5126820857133312,1,43.78678836024997,4.25280494903975,160.04859743951917,5.591177,20.1875,2601.243671626829
4311356335145164801,4428111282365440,1,48.18974812640929,6.734935032616712,112.88762105210937,15.952321,20.703125,1823.6110858585603
4311356335145164801,25934180765006848,1,38.3662989935762,11.233945475046852,109.54438918864398,5.86152,20.28125,2223.5780978095413
4311356335145164801,10172990817932416,1,49.47442727322209,6.394839318219691,110.13635641367978,7.2860947,20.390625,2014.8190406998422
4311356335145164801,10172990817932416,2,49.474403031770144,6.394898641743937,86.49212778937279,3.602123,20.65625,2036.3212066780018
4311356335145164801,2291691470591488,1,48.0602499520904,2.796995579681518,69.45806238962763,4.941562,20.578125,2067.563104857214
4311356335145164801,10547172664222208,1,48.55861147949694,7.540128037167304,558.3795423677291,6.920784,18.890625,2014.3920631677552
4311356335145164801,25613196384222464,1,41.427428568315484,12.547646491827557,185.2468367784905,6.7375855,20.125,2223.0799098969687
4311356335145164801,3637115745597952,1,47.36317605411957,5.138062163826252,101.47980174582655,5.206548,20.390625,2067.061590425739
4311356335145164801,3637115745597952,2,47.363161080251395,5.138137674376276,107.76329920834968,4.986798,20.46875,2036.8209513619897
4311356335145164801,3637115745597952,3,47.36441828554941,5.13747703182532,16.391035894562037,4.678313,19.78125,2067.135603942328
4311356335145164801,3637115745597952,4,47.36436058621468,5.137376270708213,12.054441452026367,25.345266,20.59375,2067.1356040303754
4311356335145164801,3637115745597952,5,47.36312737566446,5.1381579337394685,133.29976838410715,3.2081063,18.796875,2622.41732707025
4311356335145164801,4710582691541888,1,43.13011464106791,3.6869779581751967,156.24790203456797,9.294113,20.625,2221.8241946717967
4311356335145164801,15550255513282432,1,47.49896061116142,11.048343432780152,88.88121020470598,3.4569614,20.671875,2221.6546118274055
4311356335145164801,15550255513282432,2,47.49893893171388,11.048344667929303,118.58669530413329,4.3451004,20.21875,2601.1755641103946
4311356335145164801,20384017866349952,1,42.43944490303903,8.085780291618503,155.7076903004355,3.9033413,20.125,2247.3917248034413
4311356335145164801,20384017866349952,2,42.43945937642343,8.085763302155565,167.91273600149987,4.781292,20.109375,2197.1602041502233
4311356335145164801,20384017866349952,3,42.439558164469005,8.085774653134221,146.600866552733,5.135831,20.3125,2012.567850452584
4311356335145164801,20384017866349952,4,42.439509841141174,8.085857254023399,144.93975539645058,5.2421227,20.390625,2417.108458455442
4311356335145164801,20384017866349952,5,42.439500281815555,8.085852890767095,155.7835476270096,3.460354,20.296875,2036.8913900424686
4311356335145164801,20384017866349952,6,42.43944308048046,8.085737233985617,145.65016384523182,5.1640487,20.1875,2247.317724407498
4311356335145164801,26469063106781952,1,39.50035148949016,12.284612088786911,101.94941621024334,3.1306336,20.421875,2602.998055284952
4311356335145164801,26469063106781952,2,39.50036533615459,12.284611936539237,104.7243863633555,5.206334,20.5,1843.8654324104814
4311356335145164801,26469063106781952,3,39.50034827683362,12.284551199367474,86.53218347070998,2.862238,20.578125,2247.8212031246476
4311356335145164801,10784873334524032,1,50.13019227018314,7.707577304623955,132.34853356581684,15.645141,20.40625,2198.3329336642446
4311356335145164801,18492479909241856,1,39.649188299880755,6.585562371584674,133.68336032147752,3.9634035,20.375,2011.8191029087088
4311356335145164801,16247174086348800,1,51.048344667237174,11.500411152172866,132.3946886067521,3.5620215,20.421875,2014.8150691716612
4311356335145164801,16247174086348800,2,51.048257937694146,11.500462749929792,141.4687423917733,3.2322364,20.1875,2600.500982459583
4311356335145164801,11905889862965504,1,54.554603232634804,8.958896097278515,89.28373718261719,23.934616,20.734375,2016.1411684222821
4311356335145164801,11905889862965504,2,54.554481409189904,8.957522743279291,89.98036831255938,3.5799828,20.578125,2390.937775902223
4311356335145164801,11905889862965504,3,54.55456636033374,8.958891633957725,67.94282503617022,7.697796,20.875,2016.3173397319538
4311356335145164801,15505931450303872,1,46.96175463945193,10.559763230619415,29.70905189551093,4.3227305,19.109375,1841.8658742756993
4311356335145164801,15505931450303872,2,46.963112712491586,10.56014397401393,248.2750093514954,5.43942,19.828125,2013.6397269376164
4311356335145164801,10493056076358784,1,48.12891774288096,7.115485014384854,39.426475524902344,20.145544,20.734375,2197.907382421785
4311356335145164801,10493056076358784,2,48.128985827931,7.115529669514207,31.463124657527466,6.160538,20.90625,2014.318448184608
4311356335145164801,10493056076358784,3,48.12891853067587,7.115486864266482,37.83459860127125,3.4877856,20.828125,2622.9183012973094
4311356335145164801,10493056076358784,4,48.12937996266275,7.115293285317372,226.1862223770317,6.434531,19.6875,2416.6852980418216
4311356335145164801,4295963728535552,1,46.83161060630926,5.825747497833444,135.18653637853868,4.0939503,19.90625,1872.2681324835073
4311356335145164801,4295963728535552,2,46.831693592367664,5.825737228050411,311.7862243652344,26.224726,20.53125,2247.6388528119373
4311356335145164801,17723032223649280,1,51.10280332664149,13.603987153590333,728.0310150167936,21.209204,20.625,1826.2911740894185
4311356335145164801,683591290211456,1,46.51515109047415,2.1308078101565364,91.02738304621477,4.4612927,20.5,2037.646151495431
4311356335145164801,276084793529728,1,45.746603235952385,1.6242981476781693,213.44447326660156,25.752205,20.4375,2246.5629012781073
4311356335145164801,2416215457494528,1,48.263029775025394,3.308969272823833,138.96113589638344,3.8884604,20.140625,2622.1658929038153
4311356335145164801,19908238569415040,1,40.508159864823824,8.520839842344287,241.7997002075202,3.9923143,19.8125,2440.1832924276696
4311356335145164801,19908238569415040,2,40.50806712752512,8.520825244428979,226.54946153896765,4.157179,19.859375,1872.0221590202182
4311356335145164801,14607566026032000,1,49.133645386908334,10.365999895958444,103.24113126404453,3.8130248,20.640625,2248.8904604324894
4311356335145164801,14607566026032000,2,49.13367073446765,10.366083401176827,98.24862658253366,3.091229,20.4375,2573.705627187045
4311356335145164801,2073438412177408,1,43.85366106535896,3.7696387612153313,137.23161329588527,7.2592177,20.4375,1842.036347325073
4311356335145164801,17078374812088448,1,50.41698149616889,12.019641263319674,116.9652622822563,3.7837,20.625,2221.1561607122358
4311356335145164801,17078374812088448,2,50.41706612217907,12.019606301373377,119.59904669509656,4.9324837,20.25,2014.638659876261
4311356335145164801,16272703371767424,1,50.44522766654433,11.546704450276012,114.66165798373356,3.191008,20.546875,1840.8671369627277
4311356335145164801,3004346803883776,1,50.34730095544546,4.75687565103721,84.00037096391193,2.9690332,20.8125,1872.5161301697492
4311356335145164801,3004346803883776,2,50.347286507344776,4.756892548006276,94.94486993198197,3.0017674,20.75,2622.916219993884
4311356335145164801,20073410126794368,1,38.22312256592518,8.306059642026726,199.43939444380743,7.343608,20.03125,2246.6433316416746
4311356335145164801,25039934213884160,1,39.8281049195707,11.145248406949856,251.2929636939855,5.7303314,19.9375,2621.9231346504394
4311356335145164801,2029457946993792,1,44.37637723397742,3.620024545914362,118.93876980940983,3.2325575,20.640625,2037.6445198273589
4311356335145164801,8061619255415808,1,44.56766013750914,6.96052492462837,244.5667191249621,5.339752,19.71875,1708.366695527277
4311356335145164801,12863839368677888,1,52.29037539630681,10.227129757292953,242.4651026897921,6.5057135,19.546875,2067.556624099757
4311356335145164801,4161823310122112,1,48.33287588073638,5.904158485722798,129.21430301122552,3.624247,20.421875,2220.9012256728183
4311356335145164801,4161823310122112,2,48.332975258885185,5.904081661290308,143.1363543270299,7.073923,20.3125,2067.3108750027545
4311356335145164801,25257122120336512,1,39.7916598705521,11.576456619336076,110.73421677321,5.3278437,20.484375,2247.57061972594
4311356335145164801,26336017904591744,1,37.796563236802946,12.23781858115393,157.09539564109056,4.724161,20.203125,2036.3871876711166
4311356335145164801,26336017904591744,2,37.7965547228154,12.237816399210564,152.33612863327244,5.1081076,20.4375,2036.3131732891063
4311356335145164801,5970485577876480,1,40.274374599356825,4.808945103984705,139.9488691410255,3.2552435,20.375,2222.3980126902634
4311356335145164801,25701049939952128,1,39.94797278531477,12.135775919178565,117.99452563516392,6.306526,20.453125,2223.3291819272795
4311356335145164801,27066918259336832,1,45.50661973024646,10.128554941187392,68.6822643281624,6.1356235,19.15625,2198.086066112314
4311356335145164801,6306764337347072,1,42.17882879295649,5.66779709306821,112.00148191216142,3.9551702,20.328125,2601.6701618521342
4311356335145164801,8893953852262784,1,44.961848993080714,8.73403550384478,113.8933212261642,3.1201324,20.265625,1842.1140893280337
4311356335145164801,3397834527576832,1,46.290328803509055,3.840860890850731,120.47638644183077,5.6764083,20.421875,2442.612146909072
4311356335145164801,3397834527576832,2,46.29091080251029,3.8397500328626886,19.60527147043064,2.542602,18.890625,2247.0639356531146
4311356335145164801,20510878315644928,1,42.59515063101881,8.596267869454222,377.7550868969753,21.746138,20.078125,1872.2712992386844
4311356335145164801,4238930858272000,1,47.22811732695165,5.748675654938263,1311.7801513671875,36.794453,20.25,1709.3671590613083
4311356335145164801,4052662421135744,1,47.730830526913294,5.572541588293608,265.01464682409784,5.788346,20.046875,2247.5643289881186
4311356335145164801,9327638175219456,1,50.304815162394284,5.848098593371819,115.82197487232153,6.414408,20.734375,2572.6287341248644
4311356335145164801,9327638175219456,2,50.30474969821027,5.8480738469991955,97.27381772823668,2.8476903,20.5625,2220.4017189738943
4311356335145164801,9327638175219456,3,50.30482544902546,5.8480638525208875,101.76442095715703,2.90199,20.4375,2067.6342289505183
4311356335145164801,9327638175219456,4,50.30475565594648,5.848080050005122,102.21270185392251,3.2919075,20.375,1840.3629033837774
4311356335145164801,9327638175219456,5,50.30481080502417,5.848090783552886,115.44158263010523,4.369545,20.671875,2036.3218296634445
4311356335145164801,24798110375299968,1,39.353569451647196,9.998127139354423,209.299387866398,4.3079925,19.921875,2417.180217153258
4311356335145164801,24798110375299968,2,39.35358871623748,9.998083432775045,215.88764732164802,4.045826,19.8125,2439.68226741243
4311356335145164801,2560178465688704,1,47.112189136323714,3.346580156864708,352.53200262527247,4.742493,19.953125,2247.1373427121484
4311356335145164801,21241881749193600,1,42.67296486830863,9.975521399342483,123.48875960387784,4.219018,20.375,2012.390287036254
4311356335145164801,21241881749193600,2,42.67247446552486,9.97647336390269,319.079575952622,8.736022,19.796875,1707.6148601657815
4311356335145164801,782027645388032,1,46.69891327845088,2.3039927416563843,963.4438984513066,23.491972,20.078125,2220.82422136732
4311356335145164801,16436771122797952,1,51.93102032050835,11.57218213020185,122.0450536329479,5.9862194,20.125,2600.4274196105107
4311356335145164801,16436771122797952,2,51.93110763685115,11.572211531022289,112.3480778625816,3.417056,20.5625,2034.8193677215788
4311356335145164801,5308648297375744,1,43.863180933771105,4.896959612627633,170.92921883914394,5.767644,19.953125,1842.0371137636125
4311356335145164801,5308648297375744,2,43.863187564417984,4.896967703956114,185.43647429182468,3.4353974,20.0625,2221.649141163426
4311356335145164801,20199029329714176,1,39.16208085168334,8.854165502893165,150.73504105507422,5.288221,20.125,1843.6128908374048
4311356335145164801,20199029329714176,2,39.16208892229451,8.854166297548035,161.9255304712286,5.299926,20.203125,2223.150594685807
4311356335145164801,20199029329714176,3,39.16213459369198,8.854181682310198,136.51901031891117,8.91608,20.1875,2417.4307335424146
4311356335145164801,4850598625365504,1,41.9181128155075,3.756369418987246,200.21091752684165,4.4864187,19.875,1821.3614468221685
4311356335145164801,9921237015132544,1,51.599014355026554,7.411840467928133,228.94517779875312,4.4143124,20.078125,2035.8215360481056
4311356335145164801,9921237015132544,2,51.59903077888983,7.411835041354025,194.51588475134702,4.0811343,19.734375,2035.895550188639
4311356335145164801,10396745729858688,1,50.0860185731801,7.6021926794242605,186.17658097874167,3.4317384,20.140625,2573.12979619071
4311356335145164801,20797262439718400,1,42.23927073756909,9.114509099214578,108.13814650427742,6.3914056,20.421875,2602.1726703886643
4311356335145164801,10327403482115712,1,50.1544019844059,7.11632941451282,289.0733623375086,4.0793076,19.640625,2248.31431080374
4311356335145164801,26145325652266752,1,38.73140957628068,12.159332048201573,458.31969693658505,6.436786,19.265625,2572.636975880336
4311356335145164801,25332438666823040,1,39.40591059400449,11.996861551855057,25.098227307892966,8.20754,20.703125,2572.7105736860494
4311356335145164801,26506171624762240,1,39.97121128988287,12.640122699555938,569.4639387425119,18.451841,20.6875,1823.2934610721218
4311356335145164801,26506171624762240,2,39.97108799067608,12.640283235988893,1623.1427001953125,35.041122,20.15625,1823.293461202303
4311356335145164801,6081059511432448,1,40.92432359671003,5.2349832290129195,128.57947460683644,3.461083,20.375,2037.6421654837916
4311356335145164801,6081059511432448,2,40.924277639569254,5.23497987096098,135.6469729948611,5.1983147,20.421875,2222.3985574796043
4311356335145164801,1147271664587904,1,43.450885348246366,1.5034278081537968,90.9416599456623,5.0753098,20.5625,2038.0711379488444
4311356335145164801,17843493171226368,1,49.867141527253345,13.38390586079592,94.37545160701399,4.0488076,20.515625,1841.2944745979567
4311356335145164801,11868781345543936,1,55.5025708326667,8.980183086823603,11.320661544799805,2.78278,20.875,1734.98857921622
4311356335145164801,17247145551962496,1,48.1739424199347,11.90978428012791,140.88274965963106,3.2799032,20.3125,2035.317765458471
4311356335145164801,19070483723167488,1,40.477730846788376,7.534151938244434,115.1240316112528,3.500017,20.234375,1843.112222009436
4311356335145164801,19070483723167488,2,40.47781078068925,7.53417653508098,107.65135566864298,3.1335845,20.234375,2417.682074534133
4311356335145164801,19070483723167488,3,40.477812100790004,7.534086154406361,106.86884568692219,4.254842,20.3125,2065.061402542479
4311356335145164801,18161904866489344,1,40.10509718628562,5.567185205999013,127.4082190356422,3.471542,20.15625,2418.1830101957275
4311356335145164801,18161904866489344,2,40.10498794027159,5.567178520093098,146.5707397803099,6.590233,20.375,1843.0367689272
4311356335145164801,11800409761330432,1,53.528889225022944,9.27546519698478,112.0454436634377,3.0857954,20.203125,2599.750295058866
4311356335145164801,25148648426138880,1,38.34376657449363,10.863892911178626,123.3799679972243,4.2375984,20.546875,1822.542974686228
4311356335145164801,25859929370301440,1,40.378278354794254,12.893801530423945,314.0073612000646,7.8564773,19.59375,1843.7921655966122
4311356335145164801,25859929370301440,2,40.37813654752379,12.8938857509957,341.9367285718694,21.022755,20.640625,2223.329847035257
4311356335145164801,6953517692740352,1,45.800958779362,5.947163699495787,135.28521589222487,3.237603,20.390625,2221.4004847773613
