Gaia Mission/LensOutlier_000000-003111.csv
# %ECSV 1.0
# ---
# delimiter: ','
# meta: !!omap
# - RELEASE: Gaia FPR
# - TABLE: lens_outlier
# - DESCRIPTION: >
#     This table contains the individual observations that have been discarded from the analysis of the gravitational lenses around the list of sourceIds tabulated in the lens candidate table. These are observations that could not be associated with any of the components assigned to the source of interest.
# - CITATION: >
#     How to cite and acknowledge Gaia: 
#     https://gea.esac.esa.int/archive/documentation/credits.html 
# - KNOWN_ISSUES: >
#     Known issues: 
#     https://www.cosmos.esa.int/web/gaia-users/known-issues 
# - DOCUMENTATION: >
#     Tutorials and documentation: 
#     https://www.cosmos.esa.int/web/gaia-users/archive 
# datatype:
# - 
#   name: solution_id
#   datatype: int64
#   description: Solution Identifier
#   meta:
#     ucd: meta.version
# - 
#   name: source_id
#   datatype: int64
#   description: Unique source identifier
#   meta:
#     ucd: meta.id;meta.main
# - 
#   name: outlier_id
#   datatype: int32
#   description: Counter for the outliers of each component
#   meta:
#     ucd: meta.number
# - 
#   name: ra_obs
#   datatype: float64
#   unit: deg
#   description: Right ascension of each individual outlier observation
#   meta:
#     ucd: pos.eq.ra
# - 
#   name: dec_obs
#   datatype: float64
#   unit: deg
#   description: Declination of each individual outlier observation
#   meta:
#     ucd: pos.eq.dec
# - 
#   name: g_flux_obs
#   datatype: float64
#   unit: "'electron'.s**-1"
#   description: Flux value of each individual outlier observation
#   meta:
#     ucd: phot.flux;em.opt
# - 
#   name: g_flux_obs_error
#   datatype: float32
#   unit: "'electron'.s**-1"
#   description: Flux error value of each individual outlier observation
#   meta:
#     ucd: stat.error;phot.flux
# - 
#   name: g_mag_obs
#   datatype: float32
#   unit: mag
#   description: Onboard G magnitudes of each individual outlier observation
#   meta:
#     ucd: phot.mag;em.opt
# - 
#   name: epoch_obs
#   datatype: float64
#   unit: d
#   description: Epoch of the individual outlier observation
#   meta:
#     ucd: stat.error;phot.mag
solution_id,source_id,outlier_id,ra_obs,dec_obs,g_flux_obs,g_flux_obs_error,g_mag_obs,epoch_obs
[from data line 5147]
4311356335145164801,6993512428268672,2,45.3865314343233,6.03188429002789,118.46787052864273,4.7600164,20.234375,2441.934549069847
4311356335145164801,18518180993809536,1,39.301714862142624,6.535878648776201,111.84956059667346,3.2063267,20.34375,2064.8863290726954
4311356335145164801,10996563681963008,1,49.6598343319861,8.008148633755976,175.0192976876439,5.4975996,20.390625,1824.287519233812
4311356335145164801,10996563681963008,2,49.66043893692013,8.008818467361976,1172.086181640625,31.980917,20.703125,2442.8583348697903
4311356335145164801,10996563681963008,3,49.660198400830026,8.008782047018865,1103.624755859375,31.053488,19.96875,1873.0920227491952
4311356335145164801,10996563681963008,4,49.66019956011623,8.008511773459375,74.00300272328067,7.7673044,20.3125,2067.308981224704
4311356335145164801,10996563681963008,5,49.66087193503335,8.008386330367316,246.6307658930448,7.521571,20.25,2067.308981004222
4311356335145164801,10996563681963008,6,49.66044760136196,8.008933252632193,40.87724889257467,8.263796,20.671875,2067.3089808532877
4311356335145164801,10996563681963008,7,49.66062050281449,8.009108917446389,216.12206449402095,6.053384,20.40625,2248.3149246826392
4311356335145164801,10996563681963008,8,49.660081855554914,8.008257596454259,488.4413088160033,12.747967,20.21875,1873.0180228695929
4311356335145164801,10996563681963008,9,49.66052250856883,8.008574900524836,808.515625,28.794872,19.953125,1824.3615212656996
4311356335145164801,10996563681963008,10,49.66013492892393,8.00881121538563,69.19833501895707,6.0047703,20.765625,1824.3615215519044
4311356335145164801,1008389601675008,1,46.12122444905827,2.684840654827864,174.21785166121495,4.0514865,20.0,2389.3696413136695
4311356335145164801,20669650372555904,1,41.69409980371923,8.774576047321089,148.12023277816633,3.2285213,20.140625,1842.8633593761792
4311356335145164801,20669650372555904,2,41.694211860906094,8.774548059684307,144.254345520616,5.9340124,20.421875,2012.317378252589
4311356335145164801,17980279290265088,1,50.665358612157846,13.970456981849168,88.93514442779866,3.3782535,20.453125,2014.5632126156022
4311356335145164801,17980279290265088,2,50.665279474422015,13.970467594510202,83.41089590096365,6.1582537,20.5625,1826.3655383554149
4311356335145164801,17980279290265088,3,50.66529531145376,13.970432176206726,95.30745687902919,3.1051488,20.6875,2574.7068967664227
4311356335145164801,17980279290265088,4,50.66535632549045,13.970477890245466,90.81941450123662,4.691705,20.265625,2442.3537624620835
4311356335145164801,23734126716915840,1,34.71275543715868,8.930768831540414,215.51436185878572,7.480987,20.15625,1705.3663725240615
4311356335145164801,15735390078276608,1,47.74885255962439,11.641511975906493,138.5101170196078,4.8646865,20.453125,2441.93002466116
4311356335145164801,15096436383956224,1,46.86682587596151,10.004544863946991,61.833497917301685,2.8151782,20.734375,2198.409495880771
4311356335145164801,19030965728982016,1,40.72236070416769,7.611381641479207,451.14807423250306,4.919661,19.109375,2037.1408590642152
4311356335145164801,2496033128984576,1,48.18470088977604,3.7613349385206347,312.4923139357301,4.336509,19.328125,2037.1460667628571
4311356335145164801,1478606917054208,1,42.57495779831222,2.1603453457608772,141.31973266601562,23.032082,20.640625,1821.0363081081903
4311356335145164801,1608452368071424,1,43.81328850156895,3.0641396783362382,126.56609788742934,8.829317,20.8125,2013.321615142873
4311356335145164801,3314649600738048,1,48.94459233336169,5.299540945753368,124.88409637136026,6.2641554,20.671875,2036.5715191460947
4311356335145164801,5305732015270528,1,43.953144690332905,4.871895762373169,146.9212392368698,19.468018,20.296875,1842.0371284302903
4311356335145164801,13809595462156416,1,47.261390415199095,8.18281953774887,107.60951951153304,5.1927137,20.5625,2221.32853243957
4311356335145164801,13809595462156416,2,47.2614080777642,8.182753720876573,92.35398553707144,3.1087856,20.546875,1823.7883560124596
4311356335145164801,18281824648721280,1,39.97738587717319,6.2891246938005345,392.1416828865662,21.991201,19.484375,1707.117867739194
4311356335145164801,21126501748035584,1,43.06292115414218,9.348730401771808,268.249267578125,26.20055,20.546875,1823.11437649296
4311356335145164801,10427257176985344,1,48.79288883422682,6.902968072053459,124.77549161849349,4.5349674,20.59375,2014.3924665288223
4311356335145164801,10427257176985344,2,48.79288507398264,6.902965561418908,125.21466941413243,5.5056396,20.34375,2442.859387417994
4311356335145164801,7078930737706112,1,44.631365751119866,5.860704001107417,122.94489329022119,3.3691268,20.375,2221.6500827106875
4311356335145164801,908712003461504,1,46.14729570548656,2.5251974147037357,112.73667146399156,3.2467694,20.640625,2067.1377629862413
4311356335145164801,908712003461504,2,46.14726879758756,2.5252703606609477,101.25218217556011,5.0414248,20.65625,2417.8629770086104
4311356335145164801,2389101328318080,1,47.7659372936035,3.448568001876957,140.63047766926047,5.1945205,20.15625,2014.3951659701247
4311356335145164801,2867114009036288,1,49.76230996903126,4.287999339106606,120.2388285058779,3.238422,20.296875,1823.359032635362
4311356335145164801,3574099985303040,1,47.445151581715784,4.774705133199513,136.79796713062413,6.962362,20.25,1872.091277489677
4311356335145164801,9343619748332032,1,50.09801721311957,5.9690231719927755,99.03563698106066,5.7727385,20.765625,1840.5390655310907
4311356335145164801,24343462317520896,1,36.45215389218516,10.604529955949104,113.94135146701342,4.8496413,20.359375,2036.887434745542
4311356335145164801,9888565198807680,1,51.67208955830971,6.982164182748245,235.95870879772247,5.27403,19.671875,1840.1139549237573
4311356335145164801,9888565198807680,2,51.67210137717861,6.9821637386270625,207.34850081570954,5.224675,19.828125,2067.8090857154066
4311356335145164801,21855817259266688,1,41.02425393935079,10.076845019017556,125.29866792033165,5.58178,20.53125,2197.337836533594
4311356335145164801,3968103104937216,1,47.86179036997742,5.188439565996472,13.839487420518926,3.071539,20.6875,2247.56409985474
4311356335145164801,24722622030160256,1,35.90299270422554,11.403584663370673,120.12906404903418,3.3599875,20.3125,2036.812865104084
4311356335145164801,24722622030160256,2,35.90289778989621,11.403569683330081,144.30164473537374,7.2300544,20.4375,1844.5399050913009
4311356335145164801,22263220677340672,1,41.472039825018086,10.533202158155849,185.47259521484375,26.245575,20.75,2247.64338561477
4311356335145164801,22263220677340672,2,41.47210711613889,10.533397436615397,131.64817018827029,4.2969623,20.3125,2602.423411271212
4311356335145164801,21393094662681600,1,40.831716863559365,8.478960779541879,192.75330512057465,5.8418474,20.0,2247.142496409499
4311356335145164801,2312272953840000,1,47.937565187919304,3.0323204162975506,108.7246071948356,5.247163,20.515625,1871.8402071667663
4311356335145164801,2312272953840000,2,47.937629234926284,3.0324097669767345,101.72978361208455,2.9844587,20.484375,2037.3223708645842
4311356335145164801,21714701813710208,1,40.30924944931136,9.459232569480664,29.163002021352746,4.3425455,18.84375,2011.8169043757443
4311356335145164801,10381971042298368,1,49.99004744158395,7.296960122832923,199.09551298029567,5.5606046,19.84375,2443.1088341561863
4311356335145164801,10381971042298368,2,49.98996783302635,7.297015751014926,194.9214337798183,3.5194948,20.078125,2220.652667508313
4311356335145164801,1387618034182144,1,44.48506308247445,2.7082711044910166,105.32665527316057,6.8563046,20.765625,2389.119984856466
4311356335145164801,1272409831596800,1,44.14666567546547,1.930807991675978,118.87671186107742,3.8021848,20.59375,2013.3963549167836
4311356335145164801,1272409831596800,2,44.146640459119894,1.9308036746135255,108.52654362600775,2.8512242,20.515625,2066.63862955934
4311356335145164801,9878046823706240,1,51.34797627831974,6.899097490712103,322.0308012337447,4.85435,19.546875,2390.36579805537
4311356335145164801,12937820180464384,1,51.90555382486694,10.591150938760014,121.28912236977854,6.2119994,20.078125,2015.3159148512834
4311356335145164801,12937820180464384,2,51.90552668278967,10.591148702557803,96.05996021908344,4.826986,20.6875,2443.1059688444966
4311356335145164801,24533368590854656,1,36.42967264098715,10.750904149164874,138.7507895145776,4.726838,20.109375,1844.363533872956
4311356335145164801,24533368590854656,2,36.429669505881726,10.750888602905883,,,20.3125,2246.8953915311854
4311356335145164801,1817737534208000,1,44.720480471625756,3.292005941383625,116.22678056760317,4.086959,20.484375,1871.5917451378743
4311356335145164801,1817737534208000,2,44.72048384898758,3.2920982462866113,117.83984148141859,5.113998,20.25,2221.324321211217
4311356335145164801,4183955276818944,1,48.01230407135388,6.130147406264886,447.3795960443721,4.6990724,19.859375,2247.814585562631
4311356335145164801,18141529541812224,1,39.302587500054905,5.709486187540168,232.03111137749596,4.340397,19.65625,2418.182556221674
4311356335145164801,18141529541812224,2,39.30253150478809,5.70946976315768,209.25806634171047,6.6477666,20.015625,2222.8244742125485
4311356335145164801,24166239081992832,1,34.83193691412148,10.328064222163652,266.9278564453125,24.963388,20.125,2571.9619319273193
4311356335145164801,24166239081992832,2,34.83192954696009,10.32816240041809,249.01919647646335,6.834359,19.765625,2417.6041838818605
4311356335145164801,22527279561520896,1,36.726566577310926,7.393776368695052,112.75398123737723,5.8821797,20.46875,2571.4596608822017
4311356335145164801,22527279561520896,2,36.726644085934154,7.393851191625078,108.32087374629252,3.2901375,20.6875,2037.565226562058
4311356335145164801,22527279561520896,3,36.726635567131495,7.393834345927007,94.97810989183711,3.0992763,20.421875,2418.106613597014
4311356335145164801,22527279561520896,4,36.72654871598297,7.393765294152539,90.1295406320144,4.400389,20.515625,2620.4214694504085
4311356335145164801,22527279561520896,5,36.726549713704514,7.39381940810131,112.269664768111,2.9395573,20.40625,2223.398796478197
4311356335145164801,4634922547606784,1,41.953177101038655,3.376922629865196,205.01894415406434,4.3639545,19.828125,1842.3595485296514
4311356335145164801,9456384114464640,1,50.68250161265168,6.335827524847695,147.50703555683475,7.6320386,20.203125,2036.1456704078714
4311356335145164801,23405304020627968,1,37.57511118125212,9.494529348886044,38.24283134290694,4.7498856,18.875,1822.1164590520505
4311356335145164801,13324019344972544,1,52.22947067080397,10.837497218212302,136.28015512345763,7.7784605,20.328125,2034.8938130564763
4311356335145164801,13324019344972544,2,52.22947422513019,10.837491487275393,123.1432474935087,3.4403303,20.25,2574.1305763672513
4311356335145164801,26527710885572864,1,39.74450744689921,12.868272164065964,139.2284333113848,4.793291,20.3125,1823.293669249533
4311356335145164801,894383989830144,1,46.08938559702275,2.4048497949089502,128.9952490291756,7.2325273,20.28125,2417.9370085961614
4311356335145164801,5960212016029184,1,40.554004355348866,4.780169394517698,224.62210765193737,5.9112744,19.90625,2601.993055215962
4311356335145164801,23461692646954240,1,36.99682363060851,9.704985969882765,141.17757940356051,6.569637,20.21875,2064.0604921831405
4311356335145164801,23461692646954240,2,36.99682827380998,9.70503069845022,136.60622819789023,15.337034,20.453125,2063.884318208135
4311356335145164801,23287759356205568,1,38.93049846166183,9.696495827032978,113.40134880756729,5.0461516,20.375,2572.209722340725
4311356335145164801,6619266157645824,1,42.115267922075155,6.08827610701425,70.29283785517126,4.7106233,20.453125,2196.585321160408
4311356335145164801,6619266157645824,2,42.11529566161142,6.088238963413426,74.13630482347993,7.019131,20.765625,2388.1917498705984
4311356335145164801,6619266157645824,3,42.11523359890151,6.088241628817926,75.65919585941155,4.0369406,20.65625,2246.8907005012134
4311356335145164801,6619266157645824,4,42.11523841522348,6.088253091257611,66.63781279095144,2.7025344,20.78125,2222.149463285523
4311356335145164801,26000804297201920,1,37.61802059545511,11.666338890411915,125.83707989306538,3.271702,20.3125,2036.5634675651759
4311356335145164801,11414824777047296,1,54.24908559590941,8.128263539830941,164.3903830021762,3.7717848,20.078125,2035.3962334417517
4311356335145164801,20891992238692992,1,43.93358383263088,9.069428794222484,187.23929493283586,3.8398426,19.921875,2222.152140743471
4311356335145164801,22582564380869632,1,37.062415003490976,7.941910439658686,401.8101714729569,35.55868,19.734375,1706.1169438365923
4311356335145164801,22582564380869632,2,37.0622557738998,7.941837371309862,828.5479451899489,26.876337,18.734375,2620.745791193839
4311356335145164801,24662320689094016,1,36.53739344891246,11.297495007460666,107.73062639840767,3.4172373,20.453125,2197.090424344257
4311356335145164801,3241188480024192,1,49.280835662116665,4.971703264322085,184.9601104736947,5.578147,20.234375,2220.650872270492
4311356335145164801,3241188480024192,2,49.28094198669406,4.971677984796132,197.66139416515577,4.3607106,19.796875,2014.6439300453071
4311356335145164801,15903580997502208,1,51.349310361229556,10.255338247956518,90.04664826662672,4.8933716,20.734375,2067.306838843689
4311356335145164801,15903580997502208,2,51.349308758971326,10.255331082077534,107.23399946724213,5.625708,20.203125,2067.3808529332814
4311356335145164801,15903580997502208,3,51.349234845545745,10.255294829714188,103.58192234385916,3.1971738,20.484375,2573.880629972097
4311356335145164801,22845931775557504,1,36.462451470858255,8.337835305371929,200.77440616621354,5.448736,20.171875,2037.3145774388688
4311356335145164801,27266685778338432,1,45.40770479713504,11.04575729284188,125.06904634397621,3.3131752,20.4375,2035.8910929307333
4311356335145164801,7078965097445248,1,44.64339613537373,5.86079868448433,122.13686625084598,8.358778,20.3125,1842.038039677524
4311356335145164801,7194585617188096,1,45.11967457684089,6.375210835836396,201.95329776743168,5.252743,19.96875,2013.3929504709288
4311356335145164801,5708870529944704,1,40.616430512451934,4.0649937730152566,100.3398667810892,4.09341,20.34375,2620.7423633607127
4311356335145164801,5708870529944704,2,40.61632060148191,4.064994486056824,96.4450090473078,6.177967,20.6875,2222.3236735205724
4311356335145164801,7346356876899840,1,46.368328728656266,6.380522456433824,101.63349739853868,5.025611,20.484375,2221.40099992698
4311356335145164801,2562068251312896,1,47.21369089879128,3.3951377443462203,104.14617998472006,3.9632444,20.59375,2417.6129866933456
4311356335145164801,2562068251312896,2,47.21371261425807,3.3950643485551564,125.29206830864078,7.6665125,20.546875,2014.3213141121714
4311356335145164801,2562068251312896,3,47.2136236543257,3.3950335561685945,94.8170976797462,4.6666684,20.65625,2247.137318188258
4311356335145164801,21338325239542272,1,43.366977132214465,10.264322266740418,129.11363776528378,7.099938,20.53125,1842.7909649430462
4311356335145164801,8371788908725760,1,43.93833030992788,7.9595224937726545,171.76237471551113,5.5130496,20.046875,2036.5680012239477
4311356335145164801,20580418130656896,1,41.38766421572736,8.278353902251753,112.52159091809946,5.4110117,20.59375,2602.245783261367
4311356335145164801,593770638771456,1,46.33331523187401,1.5850675865635224,176.2717791686714,5.502453,20.296875,2220.897604197099
4311356335145164801,343017563393920,1,44.47556483370042,1.3352501859297345,116.06202987439903,3.2305114,20.359375,2066.889046209517
4311356335145164801,5661522810466816,1,40.66708340594596,4.024138844348069,163.27255877602124,4.525849,20.046875,2037.8926398196757
4311356335145164801,5661522810466816,2,40.667001063606804,4.0241222278750906,177.39265595191983,6.233148,20.09375,2601.9186191317945
4311356335145164801,8617594181844608,1,45.64601688591811,8.265325003417265,325.08697509765625,26.741682,19.390625,2036.392592100274
